Playerspawner:
1185 615 30 30
Walls:
675 435 30 30
705 435 30 30
765 435 30 30
795 435 30 30
825 435 30 30
735 435 30 30
855 435 30 30
915 435 30 30
885 435 30 30
885 465 30 30
855 465 30 30
825 465 30 30
795 465 30 30
735 465 30 30
705 465 30 30
675 465 30 30
765 465 30 30
765 495 30 30
705 495 30 30
675 495 30 30
735 495 30 30
795 495 30 30
825 495 30 30
885 495 30 30
915 465 30 30
915 495 30 30
855 495 30 30
855 525 30 30
Spawners:
1095 195 30 30
945 195 30 30
765 165 30 30
585 195 30 30
345 345 30 30
345 525 30 30
